url_path,views_total,views_unique
/dlcgold/muPBWT,3,1
/dlcgold/muPBWT/blob/main/include/utils.h,1,1
/dlcgold/muPBWT/branches,1,1
/dlcgold/muPBWT/tree/main/include,1,1
