url_path,views_total,views_unique
/dlcgold/muPBWT,9,4
/dlcgold/muPBWT/blob/main/README.md,2,1
/dlcgold/muPBWT/tree/k-smem,1,1
